4,53,83
53,85,26
37,14,8
29,90,58
1,31,73
72,10,100
73,100,6
11,93,22
57,14,61
54,53,54
12,88,49
87,71,53
49,80,78
52,4,83
23,27,93
64,83,12
56,71,37
83,12,77
3,63,93
55,34,21
20,56,76
44,6,5
32,71,12
84,91,88
15,32,73
99,82,85
65,13,2
77,41,69
62,90,59
15,91,37
41,55,81
90,12,29
87,65,36
31,19,30
56,74,100
12,9,21
81,27,85
66,97,36
16,6,27
6,40,91
84,31,41
75,41,19
74,34,26
57,66,68
79,55,29
11,89,32
87,33,58
16,18,91
71,37,94
0,1,56
35,42,16
25,56,64
17,90,22
23,57,8
75,53,48
24,12,23
25,25,4
13,16,63
4,59,78
45,49,13
64,47,13
53,83,31
45,1,26
56,8,0
45,71,31
75,49,67
4,81,81
92,65,15
53,97,84
16,52,13
92,9,60
20,38,95
69,3,86
69,29,23
24,15,11
29,79,73
71,16,71
99,25,52
66,76,95
96,60,75
67,66,67
52,95,58
60,2,22
61,39,19
11,9,90
85,43,83
28,85,79
62,90,35
34,44,13
24,7,82
34,42,57
65,36,27
79,17,14
78,95,17
73,44,93
78,13,87
54,57,26
45,91,7
58,22,89
18,40,80
79,3,75
80,41,43
74,73,36
92,66,62
37,41,48
64,52,45
16,63,35
40,70,40
21,23,75
89,45,40
26,94,10
55,1,13
88,56,6
29,25,17
70,92,36
80,56,75
61,52,48
29,85,43
47,27,3
81,95,89
50,68,61
98,31,17
1,31,32
42,9,94
29,10,32
28,15,70
88,61,43
92,92,87
21,15,4
41,94,44
26,49,29
10,31,83
58,46,63
55,95,41
52,84,23
47,58,95
49,58,23
35,96,95
98,8,65
92,12,80
92,54,40
79,13,92
4,25,95
6,55,7
37,79,53
81,50,73
56,98,40
91,97,28
7,52,66
0,35,48
20,76,29
18,62,47
36,6,35
29,35,22
70,85,94
25,15,2
25,8,71
65,13,62
31,61,83
55,26,41
88,78,41
91,93,88
88,26,90
82,67,81
14,71,80
92,63,91
12,19,70
11,16,0
51,86,74
0,35,7
6,21,81
91,59,89
44,8,18
63,61,63
49,54,40
97,89,55
51,29,87
96,55,61
70,35,10
20,31,72
98,42,33
77,82,19
15,46,78
20,32,58
41,79,25
26,77,30
92,96,54
58,33,67
20,40,34
81,92,27
53,26,72
31,50,94
89,100,16
47,88,0
66,36,69
15,67,6
44,2,94
24,11,9
11,6,71
49,71,100
47,22,98
20,45,99
66,40,31
99,6,98
43,88,10
38,41,50
58,50,23
43,17,87
31,22,96
78,25,65
10,72,84
10,67,90
30,71,29
99,24,9
72,30,28
20,57,21
33,54,8
20,15,8
15,32,52
16,28,42
68,40,21
54,33,97
13,9,93
49,98,70
95,75,69
41,71,89
15,96,36
26,27,94
35,14,21
92,68,18
58,41,52
47,75,68
44,32,44
77,5,91
4,80,74
91,52,8
14,5,74
84,82,62
59,27,87
14,63,83
35,96,93
94,38,78
73,8,19
63,100,85
57,54,85
82,68,78
82,47,17
32,7,67
90,26,90
6,30,55
36,39,57
78,63,61
39,15,100
12,7,7
73,11,26
9,4,50
98,100,65
77,27,20
59,17,8
98,10,79
61,97,23
19,12,23
24,29,90
30,38,82
27,42,31
39,32,73
96,10,45
37,76,9
91,70,54
62,60,11
84,66,10
36,2,4
30,75,26
15,1,87
6,71,62
32,4,7
93,66,37
28,69,28
26,70,37
57,78,11
77,11,37
86,40,64
63,81,47
84,48,66
85,20,41
26,37,78
65,63,35
50,64,46
97,43,33
29,84,45
88,55,9
35,38,95
83,50,39
65,49,13
13,24,8
69,74,17
77,62,12
50,22,18
76,14,15
21,68,98
41,98,75
7,93,46
37,2,85
72,13,7
26,9,61
50,59,22
9,76,22
44,26,94
7,53,79
30,42,3
88,34,95
14,32,65
9,69,28
81,74,20
56,29,77
48,78,10
37,5,67
61,54,46
85,76,13
15,6,81
56,96,53
13,60,29
37,95,82
8,34,85
45,98,36
34,32,55
96,9,81
25,89,77
35,70,86
81,76,28
29,67,68
37,7,11
58,1,94
40,21,75
94,1,60
55,5,34
24,37,66
69,29,75
97,87,79
4,30,86
75,31,72
25,78,48
53,63,44
21,62,64
7,26,49
72,78,59
59,69,15
91,6,92
24,36,71
18,61,95
88,80,21
90,87,62
69,73,86
42,89,62
27,98,87
5,33,99
31,8,89
100,3,35
12,71,89
40,0,26
34,46,27
59,62,53
1,60,13
30,34,56
18,4,88
74,88,8
46,75,73
76,89,65
76,96,85
41,9,42
90,25,33
29,40,53
42,28,21
8,86,62
44,60,75
5,43,38
60,12,22
94,48,22
37,100,3
60,2,22
40,44,32
4,91,12
1,37,92
32,16,90
58,98,21
18,63,8
71,23,14
54,45,58
8,52,9
21,82,62
25,42,69
39,39,18
49,2,14
28,69,97
100,52,24
65,86,81
50,97,19
38,64,62
43,85,93
14,33,52
5,44,49
84,86,59
100,34,71
40,15,87
2,53,61
15,37,94
82,22,83
4,23,100
22,31,48
48,19,45
30,54,95
82,17,35
19,55,43
4,22,2
47,45,66
99,13,46
53,3,16
17,97,91
55,64,88
40,12,36
75,51,57
4,40,91
59,31,32
82,27,91
94,5,92
81,1,99
87,90,10
41,4,67
53,91,96
46,59,99
51,77,25
34,86,96
2,94,34
65,24,10
32,33,17
50,24,39
80,5,98
47,71,94
22,25,16
86,80,32
28,48,89
71,48,100
76,55,49
25,69,100
16,89,83
25,87,74
17,63,99
69,6,47
62,94,14
16,77,56
13,56,30
28,61,66
78,19,60
38,48,5
20,64,56
34,38,56
93,47,55
69,70,36
11,48,24
31,1,22
41,19,56
100,32,35
23,36,99
31,69,79
27,68,43
1,25,40
92,33,38
2,74,39
53,82,11
18,62,78
31,14,96
42,60,75
44,65,54
87,50,60
4,26,86
39,88,72
83,72,75
84,16,85
15,59,80
92,6,3
100,65,8
83,63,96
76,82,92
74,42,77
19,83,32
10,9,89
65,8,30
57,13,85
39,57,49
21,9,4
19,36,36
1,59,82
17,85,91
49,71,58
75,15,90
79,73,88
31,32,40
63,0,50
84,88,99
44,92,39
80,75,70
88,37,39
10,84,0
43,27,67
18,11,27
56,62,85
59,95,85
87,12,96
28,60,62
88,67,64
2,45,79
42,13,70
54,28,80
85,29,93
66,79,79
99,80,49
95,43,53
98,25,77
77,93,81
74,51,18
65,50,41
72,13,54
2,43,87
22,52,58
15,10,58
98,58,68
49,44,18
21,45,2
0,1,95
30,60,13
79,28,12
4,43,34
54,34,93
70,33,37
13,67,71
88,37,53
64,14,15
87,27,22
71,94,35
35,66,0
68,73,13
42,75,30
70,64,11
44,65,9
89,99,38
12,34,57
33,11,58
48,27,71
19,6,20
31,84,84
16,6,87
85,60,41
46,45,93
88,29,35
8,92,25
4,97,96
14,96,0
86,62,18
86,71,60
70,48,59
99,74,52
75,80,34
84,20,92
86,32,14
6,26,14
12,49,40
99,75,70
71,59,95
37,44,54
20,72,74
21,12,88
71,26,54
60,40,80
31,15,10
20,89,34
15,30,35
52,72,0
30,13,26
54,17,21
83,54,95
27,18,40
93,8,67
59,89,89
21,29,93
28,63,71
10,81,38
15,65,12
66,51,53
35,12,53
21,85,87
17,79,30
12,53,82
12,26,95
10,50,67
47,9,93
4,1,26
4,15,58
55,74,16
85,27,57
77,95,57
100,89,18
31,74,13
83,69,91
76,7,95
47,70,55
57,21,92
35,7,23
17,17,65
35,45,93
82,44,69
40,86,66
95,49,61
24,97,96
8,61,33
52,47,6
52,0,27
97,52,3
17,49,67
10,55,92
90,100,6
29,7,49
68,88,64
55,11,97
0,18,23
94,33,76
13,92,94
73,28,12
30,24,2
92,53,23
77,80,74
78,31,6
52,89,69
99,58,54
58,80,83
70,32,47
33,6,78
97,64,79
10,66,64
79,25,62
97,24,93
60,6,28
41,40,66
49,78,93
71,61,97
48,2,42
64,23,42
30,8,72
18,1,47
64,17,45
50,78,7
43,44,97
35,56,80
17,44,9
36,8,80
5,31,56
30,45,63
51,38,33
64,17,56
62,26,2
90,3,66
64,75,60
74,71,41
41,1,86
70,28,84
65,26,6
87,69,24
39,72,40
30,80,100
86,50,93
36,37,100
59,35,60
14,55,35
28,90,65
76,14,35
15,13,55
19,93,28
51,68,7
40,81,84
60,70,55
95,84,58
1,19,7
57,89,20
89,89,66
62,47,59
82,45,2
64,3,38
43,79,100
54,16,41
12,73,78
68,80,4
98,9,81
48,66,54
50,100,66
26,79,92
27,26,91
37,41,4
65,5,10
92,95,20
23,19,16
19,59,79
58,86,81
82,35,17
36,49,68
70,73,48
86,91,17
79,50,11
76,23,5
23,34,22
3,52,57
44,85,66
67,55,93
98,50,97
72,63,30
13,10,76
47,98,54
27,45,47
6,47,17
81,61,0
94,68,88
43,77,86
60,13,96
44,32,6
76,49,64
34,60,47
11,55,32
4,35,85
78,61,18
37,29,98
80,27,95
52,33,10
22,44,90
93,78,20
97,11,62
22,85,75
56,59,58
69,57,70
69,88,73
37,6,50
0,31,74
73,61,84
74,23,9
96,93,15
53,81,82
79,54,97
70,6,47
86,4,40
48,69,27
54,98,54
27,52,13
72,57,52
36,13,27
60,82,95
29,100,14
15,41,40
8,14,91
18,78,49
87,56,9
85,34,36
76,26,0
0,64,65
98,16,70
64,53,24
74,78,55
73,24,37
47,26,11
20,79,23
94,46,68
35,30,25
44,76,32
5,84,18
10,87,3
31,12,46
85,52,13
84,73,42
34,93,79
5,69,74
5,75,62
22,38,21
17,87,48
89,9,36
66,78,57
82,18,68
30,22,11
29,18,50
44,83,39
95,16,49
12,60,30
19,40,67
47,16,37
89,82,11
3,72,48
24,81,50
14,58,81
73,56,24
6,91,35
66,67,70
92,74,79
1,1,1
0,96,15
59,25,10
27,60,18
33,57,16
3,43,4
76,68,13
97,18,58
32,91,28
97,2,55
83,6,99
71,74,9
73,33,7
34,44,74
54,18,68
57,35,94
3,17,30
87,13,24
90,95,67
89,6,90
22,28,2
65,17,41
23,22,45
30,90,12
98,54,77
99,66,85
18,72,44
14,24,80
67,25,78
20,61,80
81,49,70
33,12,74
34,93,29
82,64,72
50,45,18
49,52,74
52,55,69
92,17,7
87,71,100
78,18,90
5,21,18
66,80,66
68,37,93
7,46,37
92,27,37
34,72,95
39,45,68
93,51,71
68,5,52
14,46,8
75,32,92
54,29,25
2,3,25
12,4,63
81,58,97
86,94,18
64,15,54
0,47,47
23,29,14
76,67,45
92,69,33
48,3,57
81,87,25
3,40,73
53,47,8
12,72,83
92,23,80
20,34,18
9,7,75
89,64,70
75,65,70
52,88,51
89,14,25
5,25,67
8,90,64
89,54,58
83,5,74
35,44,7
10,73,15
79,31,43
40,62,65
80,42,40
58,69,73
63,60,7
49,84,7
8,65,58
24,20,27
0,7,36
56,41,84
0,81,91
28,7,27
64,6,83
84,68,13
90,93,81
91,52,44
29,36,62
86,47,2
87,6,1
1,83,0
46,16,62
27,68,11
96,0,58
55,3,37
12,96,98
61,6,45
90,94,8
82,81,7
65,4,59
73,32,32
24,52,44
75,74,76
27,48,69
36,6,73
40,89,21
17,87,79
77,95,17
5,47,66
19,44,81
88,26,96
67,23,0
4,79,83
34,94,31
56,5,77
36,85,79
71,35,42
100,2,16
12,90,48
40,49,26
21,25,36
72,88,76
92,34,36
46,10,12
51,74,94
41,49,7
35,14,69
89,45,83
85,80,50
23,19,70
50,27,5
12,67,23
69,36,90
2,13,65
79,30,9
74,2,92
54,95,96
52,26,4
10,93,11
86,52,1
41,17,52
38,100,15
30,61,18
25,74,62
2,95,12
56,87,75
72,4,39
36,23,30
10,60,5
71,74,50
83,44,57
97,78,69
40,55,79
68,15,30
30,5,28
54,86,87
65,14,23
2,69,73
77,34,36
1,34,87
29,45,27
57,15,2
57,19,48
94,75,46
84,30,73
53,53,70
12,61,50
62,71,80
73,96,24
53,43,28
57,66,62
12,6,61
23,12,84
26,71,21
4,4,9
91,11,84
97,94,60
59,4,42
63,87,21
0,62,98
81,20,88
65,76,12
85,26,46
35,5,37
26,5,8
64,36,79
43,69,47
81,36,19
40,99,50
42,87,74
100,41,99
98,66,85
85,40,11
37,39,62
77,33,33
